0 0 0
0 1 0
0 2 0
0 3 0
0 4 0
0 5 0
0 6 0
0 7 0
0 8 0
0 9 0
0 10 0
0 11 0
0 12 0
0 13 0
0 14 0
0 15 0
0 16 0
0 17 0
0 18 0
0 19 0
0 20 0
0 21 0
0 22 0
0 23 0
0 24 0
0 25 0
0 26 0
0 27 0
0 28 0
0 29 0
0 30 0
0 31 0
0 32 0
0 33 0
0 34 0
0 35 0
0 36 0
0 37 0
0 38 0
0 39 0
0 40 0
0 41 0
0 42 0
0 43 0
0 44 0
0 45 0
0 46 0
0 47 0
0 48 0
0 49 0
0 50 0
0 51 0
0 52 0
0 53 0
0 54 0
0 55 0
0 56 0
0 57 0
0 58 0
0 59 0
0 60 0
0 61 0
0 62 0
0 63 0
0 64 0
0 65 0
0 66 0
0 67 0
0 68 0
0 69 0
0 70 0
0 71 0
0 72 0
0 73 0
0 74 0
0 75 0
0 76 0
0 77 0
0 78 0
0 79 0
0 80 0
0 81 0
0 82 0
0 83 0
0 84 0
0 85 0
0 86 0
0 87 0
0 88 0
0 89 0
0 90 0
0 91 0
0 92 0
0 93 0
0 94 0
0 95 0
0 96 0
0 97 0
0 98 0
0 99 0
1 0 0
1 1 -4.41936e-06
1 2 -9.02021e-06
1 3 -1.39191e-05
1 4 -1.92369e-05
1 5 -2.50999e-05
1 6 -3.16406e-05
1 7 -3.8998e-05
1 8 -4.73187e-05
1 9 -5.67567e-05
1 10 -6.74737e-05
1 11 -7.96386e-05
1 12 -9.3427e-05
1 13 -0.00010902
1 14 -0.000126605
1 15 -0.000146368
1 16 -0.000168499
1 17 -0.000193184
1 18 -0.000220603
1 19 -0.000250928
1 20 -0.000284317
1 21 -0.00032091
1 22 -0.000360826
1 23 -0.000404155
1 24 -0.000450955
1 25 -0.000501246
1 26 -0.000555007
1 27 -0.000612168
1 28 -0.000672608
1 29 -0.00073615
1 30 -0.000802559
1 31 -0.000871541
1 32 -0.00094274
1 33 -0.00101574
1 34 -0.00109006
1 35 -0.00116518
1 36 -0.00124051
1 37 -0.00131543
1 38 -0.00138927
1 39 -0.00146135
1 40 -0.00153096
1 41 -0.00159739
1 42 -0.00165994
1 43 -0.00171792
1 44 -0.00177068
1 45 -0.00181762
1 46 -0.0018582
1 47 -0.00189193
1 48 -0.00191842
1 49 -0.00193735
1 50 -0.00194851
1 51 -0.00195178
1 52 -0.00194715
1 53 -0.00193469
1 54 -0.00191458
1 55 -0.0018871
1 56 -0.00185262
1 57 -0.00181156
1 58 -0.00176445
1 59 -0.00171185
1 60 -0.00165437
1 61 -0.00159266
1 62 -0.0015274
1 63 -0.00145926
1 64 -0.00138892
1 65 -0.00131706
1 66 -0.00124431
1 67 -0.00117128
1 68 -0.00109855
1 69 -0.00102665
1 70 -0.000956056
1 71 -0.000887187
1 72 -0.000820417
1 73 -0.000756059
1 74 -0.000694372
1 75 -0.000635559
1 76 -0.000579775
1 77 -0.000527122
1 78 -0.000477659
1 79 -0.000431402
1 80 -0.000388332
1 81 -0.000348393
1 82 -0.000311504
1 83 -0.000277558
1 84 -0.000246425
1 85 -0.000217961
1 86 -0.000192007
1 87 -0.000168394
1 88 -0.000146944
1 89 -0.000127474
1 90 -0.000109798
1 91 -9.37251e-05
1 92 -7.90664e-05
1 93 -6.56308e-05
1 94 -5.32271e-05
1 95 -4.16648e-05
1 96 -3.07527e-05
1 97 -2.02997e-05
1 98 -1.01134e-05
1 99 0
2 0 0
2 1 -9.02021e-06
2 2 -1.84098e-05
2 3 -2.84062e-05
2 4 -3.9256e-05
2 5 -5.12164e-05
2 6 -6.45573e-05
2 7 -7.95622e-05
2 8 -9.65296e-05
2 9 -0.000115773
2 10 -0.000137622
2 11 -0.000162421
2 12 -0.000190528
2 13 -0.000222312
2 14 -0.000258151
2 15 -0.00029843
2 16 -0.000343532
2 17 -0.000393837
2 18 -0.000449714
2 19 -0.000511511
2 20 -0.000579551
2 21 -0.000654121
2 22 -0.000735461
2 23 -0.000823756
2 24 -0.000919125
2 25 -0.00102161
2 26 -0.00113117
2 27 -0.00124766
2 28 -0.00137083
2 29 -0.00150033
2 30 -0.00163568
2 31 -0.00177628
2 32 -0.00192139
2 33 -0.00207018
2 34 -0.00222167
2 35 -0.00237479
2 36 -0.00252834
2 37 -0.00268105
2 38 -0.00283156
2 39 -0.00297848
2 40 -0.00312037
2 41 -0.00325576
2 42 -0.00338324
2 43 -0.00350139
2 44 -0.0036089
2 45 -0.00370453
2 46 -0.00378717
2 47 -0.00385583
2 48 -0.00390972
2 49 -0.00394819
2 50 -0.0039708
2 51 -0.00397732
2 52 -0.00396771
2 53 -0.00394213
2 54 -0.00390097
2 55 -0.00384477
2 56 -0.00377429
2 57 -0.00369042
2 58 -0.00359421
2 59 -0.00348681
2 60 -0.00336949
2 61 -0.00324357
2 62 -0.00311042
2 63 -0.00297143
2 64 -0.00282799
2 65 -0.00268145
2 66 -0.00253313
2 67 -0.00238428
2 68 -0.00223606
2 69 -0.00208954
2 70 -0.0019457
2 71 -0.00180541
2 72 -0.00166941
2 73 -0.00153834
2 74 -0.00141273
2 75 -0.00129299
2 76 -0.00117943
2 77 -0.00107225
2 78 -0.000971582
2 79 -0.000877447
2 80 -0.000789805
2 81 -0.000708545
2 82 -0.000633496
2 83 -0.000564438
2 84 -0.00050111
2 85 -0.000443215
2 86 -0.000390428
2 87 -0.000342404
2 88 -0.000298782
2 89 -0.000259189
2 90 -0.000223244
2 91 -0.000190562
2 92 -0.000160755
2 93 -0.000133436
2 94 -0.000108216
2 95 -8.47066e-05
2 96 -6.25205e-05
2 97 -4.12684e-05
2 98 -2.05596e-05
2 99 0
3 0 0
3 1 -1.39191e-05
3 2 -2.84062e-05
3 3 -4.38277e-05
3 4 -6.05636e-05
3 5 -7.90108e-05
3 6 -9.95852e-05
3 7 -0.000122724
3 8 -0.000148887
3 9 -0.000178559
3 10 -0.000212247
3 11 -0.000250483
3 12 -0.000293817
3 13 -0.00034282
3 14 -0.000398077
3 15 -0.00046018
3 16 -0.000529721
3 17 -0.000607288
3 18 -0.000693449
3 19 -0.000788744
3 20 -0.000893673
3 21 -0.00100868
3 22 -0.00113414
3 23 -0.00127033
3 24 -0.00141745
3 25 -0.00157557
3 26 -0.0017446
3 27 -0.00192436
3 28 -0.00211444
3 29 -0.00231431
3 30 -0.00252322
3 31 -0.00274025
3 32 -0.00296428
3 33 -0.00319401
3 34 -0.00342792
3 35 -0.00366436
3 36 -0.00390149
3 37 -0.00413733
3 38 -0.00436979
3 39 -0.00459671
3 40 -0.00481584
3 41 -0.00502494
3 42 -0.00522179
3 43 -0.00540423
3 44 -0.0055702
3 45 -0.00571779
3 46 -0.00584527
3 47 -0.00595113
3 48 -0.00603413
3 49 -0.00609327
3 50 -0.00612788
3 51 -0.00613759
3 52 -0.00612235
3 53 -0.00608242
3 54 -0.00601839
3 55 -0.00593113
3 56 -0.0058218
3 57 -0.0056918
3 58 -0.00554275
3 59 -0.00537646
3 60 -0.00519487
3 61 -0.00500004
3 62 -0.00479409
3 63 -0.00457919
3 64 -0.00435747
3 65 -0.00413104
3 66 -0.00390193
3 67 -0.00367205
3 68 -0.00344322
3 69 -0.00321709
3 70 -0.00299515
3 71 -0.00277874
3 72 -0.00256901
3 73 -0.00236694
3 74 -0.00217334
3 75 -0.00198883
3 76 -0.00181388
3 77 -0.00164881
3 78 -0.0014938
3 79 -0.00134888
3 80 -0.00121399
3 81 -0.00108895
3 82 -0.00097349
3 83 -0.000867268
3 84 -0.000769878
3 85 -0.000680858
3 86 -0.000599708
3 87 -0.000525892
3 88 -0.000458853
3 89 -0.000398014
3 90 -0.000342788
3 91 -0.000292583
3 92 -0.000246801
3 93 -0.000204845
3 94 -0.000166118
3 95 -0.000130022
3 96 -9.59614e-05
3 97 -6.33386e-05
3 98 -3.15531e-05
3 99 0
4 0 0
4 1 -1.92369e-05
4 2 -3.9256e-05
4 3 -6.05636e-05
4 4 -8.36853e-05
4 5 -0.000109169
4 6 -0.00013759
4 7 -0.000169553
4 8 -0.000205693
4 9 -0.00024668
4 10 -0.000293216
4 11 -0.000346034
4 12 -0.000405899
4 13 -0.000473601
4 14 -0.000549946
4 15 -0.000635758
4 16 -0.000731857
4 17 -0.000839058
4 18 -0.000958149
4 19 -0.00108988
4 20 -0.00123495
4 21 -0.00139398
4 22 -0.00156748
4 23 -0.00175586
4 24 -0.00195938
4 25 -0.00217814
4 26 -0.00241207
4 27 -0.00266085
4 28 -0.00292399
4 29 -0.00320071
4 30 -0.00349001
4 31 -0.0037906
4 32 -0.00410094
4 33 -0.00441921
4 34 -0.00474334
4 35 -0.005071
4 36 -0.00539965
4 37 -0.00572655
4 38 -0.0060488
4 39 -0.00636337
4 40 -0.00666715
4 41 -0.00695702
4 42 -0.00722988
4 43 -0.00748273
4 44 -0.0077127
4 45 -0.00791713
4 46 -0.00809362
4 47 -0.00824006
4 48 -0.00835471
4 49 -0.00843621
4 50 -0.00848362
4 51 -0.00849642
4 52 -0.00847456
4 53 -0.00841842
4 54 -0.00832881
4 55 -0.00820698
4 56 -0.00805453
4 57 -0.00787344
4 58 -0.00766596
4 59 -0.00743462
4 60 -0.00718215
4 61 -0.00691141
4 62 -0.00662536
4 63 -0.006327
4 64 -0.00601932
4 65 -0.00570523
4 66 -0.00538756
4 67 -0.00506896
4 68 -0.00475194
4 69 -0.00443879
4 70 -0.00413157
4 71 -0.00383213
4 72 -0.00354204
4 73 -0.00326266
4 74 -0.00299508
4 75 -0.00274016
4 76 -0.00249855
4 77 -0.00227066
4 78 -0.00205673
4 79 -0.0018568
4 80 -0.00167076
4 81 -0.00149837
4 82 -0.00133923
4 83 -0.00119287
4 84 -0.00105872
4 85 -0.000936137
4 86 -0.00082442
4 87 -0.000722828
4 88 -0.000630585
4 89 -0.000546895
4 90 -0.000470946
4 91 -0.000401918
4 92 -0.000338986
4 93 -0.000281326
4 94 -0.000228115
4 95 -0.00017853
4 96 -0.000131751
4 97 -8.6954e-05
4 98 -4.33143e-05
4 99 0
5 0 0
5 1 -2.50999e-05
5 2 -5.12164e-05
5 3 -7.90108e-05
5 4 -0.000109169
5 5 -0.000142408
5 6 -0.000179477
5 7 -0.000221165
5 8 -0.000268305
5 9 -0.000321769
5 10 -0.000382476
5 11 -0.000451386
5 12 -0.000529497
5 13 -0.000617843
5 14 -0.000717483
5 15 -0.000829492
5 16 -0.00095495
5 17 -0.00109492
5 18 -0.00125045
5 19 -0.00142252
5 20 -0.00161205
5 21 -0.00181985
5 22 -0.00204662
5 23 -0.00229289
5 24 -0.00255902
5 25 -0.00284514
5 26 -0.00315117
5 27 -0.00347672
5 28 -0.00382113
5 29 -0.00418341
5 30 -0.00456225
5 31 -0.00495597
5 32 -0.00536254
5 33 -0.0057796
5 34 -0.00620442
5 35 -0.00663395
5 36 -0.00706486
5 37 -0.00749353
5 38 -0.00791615
5 39 -0.00832872
5 40 -0.00872717
5 41 -0.00910736
5 42 -0.00946523
5 43 -0.00979678
5 44 -0.0100983
5 45 -0.0103661
5 46 -0.0105973
5 47 -0.0107889
5 48 -0.0109386
5 49 -0.0110447
5 50 -0.011106
5 51 -0.0111218
5 52 -0.0110919
5 53 -0.011017
5 54 -0.0108981
5 55 -0.0107369
5 56 -0.0105356
5 57 -0.0102966
5 58 -0.0100231
5 59 -0.00971839
5 60 -0.00938606
5 61 -0.00902991
5 62 -0.00865385
5 63 -0.00826183
5 64 -0.00785779
5 65 -0.00744556
5 66 -0.00702885
5 67 -0.00661116
5 68 -0.00619575
5 69 -0.00578563
5 70 -0.00538349
5 71 -0.00499172
5 72 -0.00461239
5 73 -0.00424724
5 74 -0.00389768
5 75 -0.00356483
5 76 -0.0032495
5 77 -0.00295223
5 78 -0.00267329
5 79 -0.00241273
5 80 -0.00217037
5 81 -0.00194588
5 82 -0.00173875
5 83 -0.00154832
5 84 -0.00137385
5 85 -0.00121448
5 86 -0.00106929
5 87 -0.000937314
5 88 -0.000817524
5 89 -0.000708878
5 90 -0.000610315
5 91 -0.000520763
5 92 -0.000439147
5 93 -0.000364393
5 94 -0.000295427
5 95 -0.00023118
5 96 -0.000170584
5 97 -0.000112572
5 98 -5.607e-05
5 99 0
6 0 0
6 1 -3.16406e-05
6 2 -6.45573e-05
6 3 -9.95852e-05
6 4 -0.00013759
6 5 -0.000179477
6 6 -0.000226192
6 7 -0.000278732
6 8 -0.000338147
6 9 -0.000405541
6 10 -0.000482074
6 11 -0.000568962
6 12 -0.000667467
6 13 -0.000778899
6 14 -0.0009046
6 15 -0.00104593
6 16 -0.00120427
6 17 -0.00138097
6 18 -0.00157735
6 19 -0.00179467
6 20 -0.00203411
6 21 -0.0022967
6 22 -0.00258334
6 23 -0.00289473
6 24 -0.00323132
6 25 -0.00359332
6 26 -0.00398061
6 27 -0.00439274
6 28 -0.00482889
6 29 -0.00528781
6 30 -0.00576784
6 31 -0.00626689
6 32 -0.00678238
6 33 -0.00731132
6 34 -0.00785024
6 35 -0.00839528
6 36 -0.00894218
6 37 -0.00948635
6 38 -0.0100229
6 39 -0.0105468
6 40 -0.0110528
6 41 -0.0115356
6 42 -0.01199
6 43 -0.0124109
6 44 -0.0127936
6 45 -0.0131334
6 46 -0.0134264
6 47 -0.013669
6 48 -0.0138583
6 49 -0.013992
6 50 -0.0140684
6 51 -0.0140869
6 52 -0.0140473
6 53 -0.0139503
6 54 -0.0137974
6 55 -0.0135906
6 56 -0.0133328
6 57 -0.0130272
6 58 -0.0126779
6 59 -0.0122891
6 60 -0.0118653
6 61 -0.0114115
6 62 -0.0109327
6 63 -0.0104339
6 64 -0.00992016
6 65 -0.00939635
6 66 -0.00886718
6 67 -0.00833711
6 68 -0.00781028
6 69 -0.00729047
6 70 -0.0067811
6 71 -0.00628518
6 72 -0.00580529
6 73 -0.00534363
6 74 -0.00490194
6 75 -0.00448162
6 76 -0.00408365
6 77 -0.00370868
6 78 -0.00335704
6 79 -0.00302874
6 80 -0.00272355
6 81 -0.002441
6 82 -0.00218043
6 83 -0.00194099
6 84 -0.00172173
6 85 -0.00152154
6 86 -0.00133925
6 87 -0.00117361
6 88 -0.00102335
6 89 -0.000887118
6 90 -0.000763585
6 91 -0.000651394
6 92 -0.000549186
6 93 -0.000455609
6 94 -0.000369311
6 95 -0.000288949
6 96 -0.00021318
6 97 -0.000140663
6 98 -7.00542e-05
6 99 0
7 0 0
7 1 -3.8998e-05
7 2 -7.95622e-05
7 3 -0.000122724
7 4 -0.000169553
7 5 -0.000221165
7 6 -0.000278732
7 7 -0.000343483
7 8 -0.000416717
7 9 -0.000499799
7 10 -0.000594165
7 11 -0.000701317
7 12 -0.000822824
7 13 -0.000960306
7 14 -0.00111543
7 15 -0.00128989
7 16 -0.0014854
7 17 -0.00170364
7 18 -0.00194626
7 19 -0.00221483
7 20 -0.00251083
7 21 -0.00283557
7 22 -0.00319017
7 23 -0.00357552
7 24 -0.00399222
7 25 -0.00444054
7 26 -0.00492037
7 27 -0.00543116
7 28 -0.00597192
7 29 -0.00654114
7 30 -0.00713678
7 31 -0.00775623
7 32 -0.00839633
7 33 -0.00905335
7 34 -0.00972299
7 35 -0.0104004
7 36 -0.0110804
7 37 -0.0117571
7 38 -0.0124246
7 39 -0.0130763
7 40 -0.0137058
7 41 -0.0143065
7 42 -0.0148719
7 43 -0.0153955
7 44 -0.0158714
7 45 -0.0162938
7 46 -0.0166577
7 47 -0.0169586
7 48 -0.0171929
7 49 -0.0173578
7 50 -0.0174511
7 51 -0.017472
7 52 -0.0174204
7 53 -0.0172971
7 54 -0.017104
7 55 -0.0168438
7 56 -0.0165201
7 57 -0.0161371
7 58 -0.0156996
7 59 -0.0152132
7 60 -0.0146835
7 61 -0.0141168
7 62 -0.0135194
7 63 -0.0128975
7 64 -0.0122574
7 65 -0.0116053
7 66 -0.010947
7 67 -0.0102881
7 68 -0.00963368
7 69 -0.00898846
7 70 -0.00835667
7 71 -0.00774199
7 72 -0.00714762
7 73 -0.00657621
7 74 -0.00602992
7 75 -0.0055104
7 76 -0.00501885
7 77 -0.00455601
7 78 -0.00412225
7 79 -0.00371754
7 80 -0.00334155
7 81 -0.00299367
7 82 -0.00267304
7 83 -0.0023786
7 84 -0.00210911
7 85 -0.0018632
7 86 -0.0016394
7 87 -0.00143617
7 88 -0.00125188
7 89 -0.0010849
7 90 -0.00093355
7 91 -0.000796168
7 92 -0.000671074
7 93 -0.000556596
7 94 -0.000451073
7 95 -0.00035285
7 96 -0.00026028
7 97 -0.000171716
7 98 -8.55088e-05
7 99 0
8 0 0
8 1 -4.73187e-05
8 2 -9.65296e-05
8 3 -0.000148887
8 4 -0.000205693
8 5 -0.000268305
8 6 -0.000338147
8 7 -0.000416717
8 8 -0.000505596
8 9 -0.000606447
8 10 -0.00072102
8 11 -0.00085115
8 12 -0.000998751
8 13 -0.0011658
8 14 -0.00135435
8 15 -0.00156647
8 16 -0.00180424
8 17 -0.00206976
8 18 -0.00236504
8 19 -0.00269204
8 20 -0.00305256
8 21 -0.00344825
8 22 -0.0038805
8 23 -0.00435043
8 24 -0.0048588
8 25 -0.005406
8 26 -0.00599191
8 27 -0.00661591
8 28 -0.00727683
8 29 -0.00797283
8 30 -0.00870147
8 31 -0.00945957
8 32 -0.0102433
8 33 -0.011048
8 34 -0.0118686
8 35 -0.012699
8 36 -0.0135327
8 37 -0.0143628
8 38 -0.0151817
8 39 -0.0159814
8 40 -0.0167541
8 41 -0.0174914
8 42 -0.0181853
8 43 -0.0188279
8 44 -0.0194117
8 45 -0.0199297
8 46 -0.0203755
8 47 -0.0207437
8 48 -0.0210298
8 49 -0.0212301
8 50 -0.0213423
8 51 -0.0213652
8 52 -0.0212987
8 53 -0.0211439
8 54 -0.0209032
8 55 -0.0205801
8 56 -0.0201788
8 57 -0.0197048
8 58 -0.0191641
8 59 -0.0185635
8 60 -0.0179103
8 61 -0.017212
8 62 -0.0164765
8 63 -0.0157115
8 64 -0.0149249
8 65 -0.0141241
8 66 -0.0133164
8 67 -0.0125087
8 68 -0.0117071
8 69 -0.0109174
8 70 -0.0101448
8 71 -0.00939376
8 72 -0.0086681
8 73 -0.00797102
8 74 -0.00730511
8 75 -0.00667233
8 76 -0.00607406
8 77 -0.00551117
8 78 -0.00498402
8 79 -0.00449254
8 80 -0.00403626
8 81 -0.00361439
8 82 -0.00322583
8 83 -0.00286923
8 84 -0.00254307
8 85 -0.00224564
8 86 -0.00197512
8 87 -0.0017296
8 88 -0.00150711
8 89 -0.00130562
8 90 -0.00112311
8 91 -0.000957537
8 92 -0.000806853
8 93 -0.000669033
8 94 -0.000542061
8 95 -0.000423933
8 96 -0.000312653
8 97 -0.000206234
8 98 -0.000102684
8 99 0
9 0 0
9 1 -5.67567e-05
9 2 -0.000115773
9 3 -0.000178559
9 4 -0.00024668
9 5 -0.000321769
9 6 -0.000405541
9 7 -0.000499799
9 8 -0.000606447
9 9 -0.00072749
9 10 -0.000865039
9 11 -0.00102131
9 12 -0.00119861
9 13 -0.00139935
9 14 -0.00162599
9 15 -0.00188105
9 16 -0.00216708
9 17 -0.0024866
9 18 -0.00284209
9 19 -0.00323592
9 20 -0.00367033
9 21 -0.00414732
9 22 -0.00466864
9 23 -0.00523567
9 24 -0.0058494
9 25 -0.00651032
9 26 -0.00721836
9 27 -0.00797284
9 28 -0.00877235
9 29 -0.00961475
9 30 -0.0104971
9 31 -0.0114156
9 32 -0.0123656
9 33 -0.0133415
9 34 -0.0143371
9 35 -0.0153451
9 36 -0.0163576
9 37 -0.0173659
9 38 -0.0183609
9 39 -0.019333
9 40 -0.0202723
9 41 -0.0211688
9 42 -0.0220125
9 43 -0.0227937
9 44 -0.0235032
9 45 -0.0241324
9 46 -0.0246735
9 47 -0.0251198
9 48 -0.0254656
9 49 -0.0257067
9 50 -0.0258401
9 51 -0.0258643
9 52 -0.0257794
9 53 -0.0255868
9 54 -0.0252894
9 55 -0.0248915
9 56 -0.0243986
9 57 -0.0238172
9 58 -0.023155
9 59 -0.0224203
9 60 -0.0216221
9 61 -0.0207696
9 62 -0.0198726
9 63 -0.0189405
9 64 -0.017983
9 65 -0.0170091
9 66 -0.0160278
9 67 -0.0150472
9 68 -0.0140751
9 69 -0.0131182
9 70 -0.0121829
9 71 -0.0112745
9 72 -0.0103976
9 73 -0.00955594
9 74 -0.00875264
9 75 -0.00798995
9 76 -0.00726947
9 77 -0.00659216
9 78 -0.00595837
9 79 -0.00536794
9 80 -0.00482023
9 81 -0.00431421
9 82 -0.00384848
9 83 -0.00342139
9 84 -0.00303103
9 85 -0.0026753
9 86 -0.00235198
9 87 -0.00205874
9 88 -0.00179318
9 89 -0.00155285
9 90 -0.00133529
9 91 -0.00113804
9 92 -0.000958643
9 93 -0.000794661
9 94 -0.000643673
9 95 -0.000503279
9 96 -0.000371094
9 97 -0.000244739
9 98 -0.000121837
9 99 0
10 0 0
10 1 -6.74737e-05
10 2 -0.000137622
10 3 -0.000212247
10 4 -0.000293216
10 5 -0.000382476
10 6 -0.000482074
10 7 -0.000594165
10 8 -0.00072102
10 9 -0.000865039
10 10 -0.00102875
10 11 -0.0012148
10 12 -0.00142596
10 13 -0.00166512
10 14 -0.00193525
10 15 -0.00223937
10 16 -0.00258057
10 17 -0.00296188
10 18 -0.00338631
10 19 -0.00385675
10 20 -0.00437591
10 21 -0.00494626
10 22 -0.00556993
10 23 -0.00624867
10 24 -0.00698371
10 25 -0.00777572
10 26 -0.00862469
10 27 -0.00952986
10 28 -0.0104896
10 29 -0.0115015
10 30 -0.0125619
10 31 -0.0136664
10 32 -0.0148094
10 33 -0.0159844
10 34 -0.0171836
10 35 -0.0183983
10 36 -0.019619
10 37 -0.0208353
10 38 -0.022036
10 39 -0.0232094
10 40 -0.0243434
10 41 -0.0254259
10 42 -0.0264447
10 43 -0.027388
10 44 -0.0282445
10 45 -0.0290036
10 46 -0.0296559
10 47 -0.0301931
10 48 -0.0306084
10 49 -0.0308964
10 50 -0.0310538
10 51 -0.0310786
10 52 -0.030971
10 53 -0.0307328
10 54 -0.0303676
10 55 -0.0298808
10 56 -0.0292792
10 57 -0.0285708
10 58 -0.0277651
10 59 -0.0268722
10 60 -0.0259033
10 61 -0.0248697
10 62 -0.0237831
10 63 -0.0226554
10 64 -0.0214979
10 65 -0.0203219
10 66 -0.0191381
10 67 -0.0179564
10 68 -0.016786
10 69 -0.0156351
10 70 -0.0145113
10 71 -0.0134208
10 72 -0.0123692
10 73 -0.0113609
10 74 -0.0103994
10 75 -0.00948734
10 76 -0.00862658
10 77 -0.00781812
10 78 -0.00706227
10 79 -0.00635875
10 80 -0.00570669
10 81 -0.00510476
10 82 -0.00455121
10 83 -0.00404399
10 84 -0.00358075
10 85 -0.00315893
10 86 -0.00277583
10 87 -0.00242863
10 88 -0.00211441
10 89 -0.00183026
10 90 -0.00157321
10 91 -0.00134031
10 92 -0.00112864
10 93 -0.000935275
10 94 -0.000757349
10 95 -0.000592007
10 96 -0.000436418
10 97 -0.000287766
10 98 -0.000143234
10 99 0
11 0 0
11 1 -7.96386e-05
11 2 -0.000162421
11 3 -0.000250483
11 4 -0.000346034
11 5 -0.000451386
11 6 -0.000568962
11 7 -0.000701317
11 8 -0.00085115
11 9 -0.00102131
11 10 -0.0012148
11 11 -0.00143477
11 12 -0.00168454
11 13 -0.00196753
11 14 -0.0022873
11 15 -0.00264748
11 16 -0.00305175
11 17 -0.00350377
11 18 -0.00400717
11 19 -0.00456544
11 20 -0.00518186
11 21 -0.00585944
11 22 -0.0066008
11 23 -0.0074081
11 24 -0.00828292
11 25 -0.00922613
11 26 -0.0102378
11 27 -0.0113172
11 28 -0.0124624
11 29 -0.0136705
11 30 -0.0149375
11 31 -0.016258
11 32 -0.0176255
11 33 -0.019032
11 34 -0.0204683
11 35 -0.0219242
11 36 -0.023388
11 37 -0.0248472
11 38 -0.0262883
11 39 -0.0276971
11 40 -0.0290592
11 41 -0.0303596
11 42 -0.0315837
11 43 -0.0327169
11 44 -0.0337456
11 45 -0.034657
11 46 -0.0354394
11 47 -0.0360828
11 48 -0.0365789
11 49 -0.0369213
11 50 -0.0371058
11 51 -0.0371302
11 52 -0.0369946
11 53 -0.0367014
11 54 -0.0362552
11 55 -0.0356625
11 56 -0.0349317
11 57 -0.0340728
11 58 -0.0330973
11 59 -0.0320178
11 60 -0.0308476
11 61 -0.0296007
11 62 -0.0282915
11 63 -0.026934
11 64 -0.0255424
11 65 -0.02413
11 66 -0.0227097
11 67 -0.0212935
11 68 -0.0198923
11 69 -0.0185161
11 70 -0.0171736
11 71 -0.0158723
11 72 -0.0146187
11 73 -0.0134179
11 74 -0.0122741
11 75 -0.0111902
11 76 -0.0101683
11 77 -0.00920935
11 78 -0.0083137
11 79 -0.00748083
11 80 -0.00670959
11 81 -0.00599828
11 82 -0.00534472
11 83 -0.00474637
11 84 -0.00420035
11 85 -0.00370357
11 86 -0.00325274
11 87 -0.00284447
11 88 -0.00247529
11 89 -0.00214167
11 90 -0.0018401
11 91 -0.00156706
11 92 -0.00131909
11 93 -0.00109272
11 94 -0.000884571
11 95 -0.000691264
11 96 -0.000509467
11 97 -0.000335864
11 98 -0.000167148
11 99 0
12 0 0
12 1 -9.3427e-05
12 2 -0.000190528
12 3 -0.000293817
12 4 -0.000405899
12 5 -0.000529497
12 6 -0.000667467
12 7 -0.000822824
12 8 -0.000998751
12 9 -0.00119861
12 10 -0.00142596
12 11 -0.00168454
12 12 -0.00197825
12 13 -0.0023112
12 14 -0.00268758
12 15 -0.00311174
12 16 -0.00358806
12 17 -0.00412093
12 18 -0.0047147
12 19 -0.00537357
12 20 -0.0061015
12 21 -0.00690216
12 22 -0.00777875
12 23 -0.00873394
12 24 -0.0097697
12 25 -0.0108872
12 26 -0.0120867
12 27 -0.0133674
12 28 -0.0147271
12 29 -0.0161627
12 30 -0.0176692
12 31 -0.0192406
12 32 -0.0208689
12 33 -0.0225449
12 34 -0.0242577
12 35 -0.0259948
12 36 -0.0277425
12 37 -0.0294856
12 38 -0.0312081
12 39 -0.0328928
12 40 -0.0345221
12 41 -0.0360781
12 42 -0.0375429
12 43 -0.0388991
12 44 -0.0401299
12 45 -0.0412198
12 46 -0.0421547
12 47 -0.0429225
12 48 -0.0435129
12 49 -0.0439183
12 50 -0.0441335
12 51 -0.0441561
12 52 -0.0439862
12 53 -0.0436268
12 54 -0.0430837
12 55 -0.0423647
12 56 -0.0414804
12 57 -0.040443
12 58 -0.0392665
12 59 -0.0379662
12 60 -0.0365586
12 61 -0.0350606
12 62 -0.0334894
12 63 -0.0318624
12 64 -0.0301962
12 65 -0.0285073
12 66 -0.0268108
12 67 -0.0251212
12 68 -0.0234514
12 69 -0.0218132
12 70 -0.020217
12 71 -0.0186715
12 72 -0.0171844
12 73 -0.0157615
12 74 -0.0144075
12 75 -0.0131259
12 76 -0.0119188
12 77 -0.0107874
12 78 -0.00973166
12 79 -0.0087509
12 80 -0.0078436
12 81 -0.0070076
12 82 -0.0062402
12 83 -0.00553825
12 84 -0.00489827
12 85 -0.00431649
12 86 -0.00378899
12 87 -0.00331168
12 88 -0.00288041
12 89 -0.00249101
12 90 -0.00213928
12 91 -0.00182109
12 92 -0.00153231
12 93 -0.0012689
12 94 -0.00102685
12 95 -0.000802221
12 96 -0.000591095
12 97 -0.000389595
12 98 -0.000193855
12 99 0
13 0 0
13 1 -0.00010902
13 2 -0.000222312
13 3 -0.00034282
13 4 -0.000473601
13 5 -0.000617843
13 6 -0.000778899
13 7 -0.000960306
13 8 -0.0011658
13 9 -0.00139935
13 10 -0.00166512
13 11 -0.00196753
13 12 -0.0023112
13 13 -0.00270094
13 14 -0.00314177
13 15 -0.00363881
13 16 -0.00419729
13 17 -0.00482243
13 18 -0.00551944
13 19 -0.00629335
13 20 -0.00714894
13 21 -0.00809065
13 22 -0.00912239
13 23 -0.0102474
13 24 -0.0114683
13 25 -0.0127865
13 26 -0.0142026
13 27 -0.0157156
13 28 -0.0173233
13 29 -0.019022
13 30 -0.0208062
13 31 -0.0226686
13 32 -0.0246
13 33 -0.0265896
13 34 -0.0286243
13 35 -0.0306895
13 36 -0.0327686
13 37 -0.0348437
13 38 -0.0368954
13 39 -0.0389032
13 40 -0.0408458
13 41 -0.0427017
13 42 -0.0444491
13 43 -0.0460671
13 44 -0.0475353
13 45 -0.0488349
13 46 -0.0499488
13 47 -0.0508622
13 48 -0.0515628
13 49 -0.0520413
13 50 -0.0522915
13 51 -0.0523104
13 52 -0.0520985
13 53 -0.0516595
13 54 -0.0510004
13 55 -0.0501311
13 56 -0.0490642
13 57 -0.047815
13 58 -0.0464005
13 59 -0.0448394
13 60 -0.0431516
13 61 -0.0413578
13 62 -0.0394787
13 63 -0.0375351
13 64 -0.0355473
13 65 -0.0335348
13 66 -0.0315159
13 67 -0.0295075
13 68 -0.0275252
13 69 -0.0255827
13 70 -0.0236924
13 71 -0.0218643
13 72 -0.0201074
13 73 -0.0184283
13 74 -0.0168324
13 75 -0.0153236
13 76 -0.0139041
13 77 -0.012575
13 78 -0.0113361
13 79 -0.0101865
13 80 -0.00912408
13 81 -0.00814612
13 82 -0.00724929
13 83 -0.00642975
13 84 -0.00568324
13 85 -0.00500526
13 86 -0.00439107
13 87 -0.00383581
13 88 -0.00333453
13 89 -0.00288229
13 90 -0.00247415
13 91 -0.00210522
13 92 -0.00177066
13 93 -0.00146573
13 94 -0.00118574
13 95 -0.000926068
13 96 -0.000682171
13 97 -0.000449526
13 98 -0.000223637
13 99 0
14 0 0
14 1 -0.000126605
14 2 -0.000258151
14 3 -0.000398077
14 4 -0.000549946
14 5 -0.000717483
14 6 -0.0009046
14 7 -0.00111543
14 8 -0.00135435
14 9 -0.00162599
14 10 -0.00193525
14 11 -0.0022873
14 12 -0.00268758
14 13 -0.00314177
14 14 -0.00365576
14 15 -0.00423563
14 16 -0.00488756
14 17 -0.00561777
14 18 -0.00643244
14 19 -0.00733761
14 20 -0.00833902
14 21 -0.00944203
14 22 -0.0106514
14 23 -0.0119712
14 24 -0.0134045
14 25 -0.0149534
14 26 -0.0166186
14 27 -0.0183994
14 28 -0.0202933
14 29 -0.0222961
14 30 -0.0244016
14 31 -0.0266012
14 32 -0.0288845
14 33 -0.0312384
14 34 -0.0336479
14 35 -0.0360953
14 36 -0.0385613
14 37 -0.0410243
14 38 -0.0434611
14 39 -0.0458472
14 40 -0.0481571
14 41 -0.0503648
14 42 -0.0524441
14 43 -0.0543695
14 44 -0.0561166
14 45 -0.0576625
14 46 -0.0589866
14 47 -0.0600707
14 48 -0.0609002
14 49 -0.0614637
14 50 -0.0617537
14 51 -0.0617668
14 52 -0.0615036
14 53 -0.0609688
14 54 -0.060171
14 55 -0.0591225
14 56 -0.0578387
14 57 -0.0563383
14 58 -0.0546421
14 59 -0.0527728
14 60 -0.0507546
14 61 -0.0486124
14 62 -0.0463713
14 63 -0.0440564
14 64 -0.041692
14 65 -0.0393013
14 66 -0.0369061
14 67 -0.0345265
14 68 -0.0321809
14 69 -0.0298855
14 70 -0.0276545
14 71 -0.0254999
14 72 -0.0234316
14 73 -0.0214575
14 74 -0.0195836
14 75 -0.017814
14 76 -0.0161511
14 77 -0.0145959
14 78 -0.0131481
14 79 -0.011806
14 80 -0.010567
14 81 -0.00942774
14 82 -0.00838407
14 83 -0.00743129
14 84 -0.00656428
14 85 -0.00577761
14 86 -0.00506561
14 87 -0.00442251
14 88 -0.00384246
14 89 -0.00331962
14 90 -0.00284815
14 91 -0.00242234
14 92 -0.00203652
14 93 -0.00168515
14 94 -0.00136276
14 95 -0.001064
14 96 -0.000783565
14 97 -0.000516227
14 98 -0.000256775
14 99 0
15 0 0
15 1 -0.000146368
15 2 -0.00029843
15 3 -0.00046018
15 4 -0.000635758
15 5 -0.000829492
15 6 -0.00104593
15 7 -0.00128989
15 8 -0.00156647
15 9 -0.00188105
15 10 -0.00223937
15 11 -0.00264748
15 12 -0.00311174
15 13 -0.00363881
15 14 -0.00423563
15 15 -0.00490935
15 16 -0.00566727
15 17 -0.00651676
15 18 -0.00746518
15 19 -0.00851971
15 20 -0.00968724
15 21 -0.0109742
15 22 -0.0123865
15 23 -0.0139289
15 24 -0.0156055
15 25 -0.0174189
15 26 -0.0193703
15 27 -0.021459
15 28 -0.0236825
15 29 -0.0260361
15 30 -0.0285127
15 31 -0.0311026
15 32 -0.0337936
15 33 -0.0365704
15 34 -0.0394154
15 35 -0.042308
15 36 -0.0452249
15 37 -0.0481407
15 38 -0.0510277
15 39 -0.0538567
15 40 -0.0565969
15 41 -0.0592172
15 42 -0.0616861
15 43 -0.0639727
15 44 -0.0660476
15 45 -0.0678829
15 46 -0.0694537
15 47 -0.0707383
15 48 -0.0717185
15 49 -0.0723808
15 50 -0.0727162
15 51 -0.0727207
15 52 -0.072395
15 53 -0.0717451
15 54 -0.0707817
15 55 -0.0695197
15 56 -0.0679783
15 57 -0.0661801
15 58 -0.0641505
15 59 -0.0619173
15 60 -0.0595095
15 61 -0.0569574
15 62 -0.0542912
15 63 -0.0515411
15 64 -0.048736
15 65 -0.0459036
15 66 -0.0430699
15 67 -0.0402586
15 68 -0.0374914
15 69 -0.0347871
15 70 -0.0321622
15 71 -0.0296307
15 72 -0.0272039
15 73 -0.0248907
15 74 -0.0226977
15 75 -0.0206295
15 76 -0.0186884
15 77 -0.0168753
15 78 -0.0151893
15 79 -0.0136283
15 80 -0.0121889
15 81 -0.0108668
15 82 -0.00965689
15 83 -0.00855354
15 84 -0.00755055
15 85 -0.00664139
15 86 -0.00581934
15 87 -0.00507754
15 88 -0.00440908
15 89 -0.00380708
15 90 -0.00326474
15 91 -0.00277533
15 92 -0.00233227
15 93 -0.0019291
15 94 -0.00155948
15 95 -0.0012172
15 96 -0.000896145
15 97 -0.000590262
15 98 -0.000293548
15 99 0
16 0 0
16 1 -0.000168499
16 2 -0.000343532
16 3 -0.000529721
16 4 -0.000731857
16 5 -0.00095495
16 6 -0.00120427
16 7 -0.0014854
16 8 -0.00180424
16 9 -0.00216708
16 10 -0.00258057
16 11 -0.00305175
16 12 -0.00358806
16 13 -0.00419729
16 14 -0.00488756
16 15 -0.00566727
16 16 -0.00654502
16 17 -0.00752952
16 18 -0.00862948
16 19 -0.00985344
16 20 -0.0112097
16 21 -0.0127059
16 22 -0.0143491
16 23 -0.0161455
16 24 -0.0181
16 25 -0.0202159
16 26 -0.022495
16 27 -0.024937
16 28 -0.0275393
16 29 -0.0302967
16 30 -0.0332012
16 31 -0.0362418
16 32 -0.0394044
16 33 -0.0426713
16 34 -0.0460218
16 35 -0.0494318
16 36 -0.0528738
16 37 -0.0563178
16 38 -0.0597307
16 39 -0.0630776
16 40 -0.0663218
16 41 -0.0694259
16 42 -0.0723519
16 43 -0.0750629
16 44 -0.0775228
16 45 -0.0796984
16 46 -0.0815592
16 47 -0.0830789
16 48 -0.0842357
16 49 -0.0850131
16 50 -0.0854003
16 51 -0.0853925
16 52 -0.0849909
16 53 -0.0842029
16 54 -0.0830417
16 55 -0.0815257
16 56 -0.0796784
16 57 -0.0775273
16 58 -0.0751035
16 59 -0.0724405
16 60 -0.0695739
16 61 -0.0665398
16 62 -0.0633748
16 63 -0.0601149
16 64 -0.0567948
16 65 -0.0534474
16 66 -0.0501034
16 67 -0.0467908
16 68 -0.0435348
16 69 -0.0403576
16 70 -0.0372782
16 71 -0.0343127
16 72 -0.0314738
16 73 -0.0287716
16 74 -0.0262134
16 75 -0.0238039
16 76 -0.0215456
16 77 -0.0194389
16 78 -0.0174823
16 79 -0.015673
16 80 -0.0140066
16 81 -0.0124778
16 82 -0.0110804
16 83 -0.00980733
16 84 -0.00865132
16 85 -0.00760454
16 86 -0.006659
16 87 -0.00580661
16 88 -0.00503923
16 89 -0.00434879
16 90 -0.00372734
16 91 -0.00316704
16 92 -0.00266025
16 93 -0.00219948
16 94 -0.0017774
16 95 -0.00138685
16 96 -0.00102076
16 97 -0.000672187
16 98 -0.00033423
16 99 0
17 0 0
17 1 -0.000193184
17 2 -0.000393837
17 3 -0.000607288
17 4 -0.000839058
17 5 -0.00109492
17 6 -0.00138097
17 7 -0.00170364
17 8 -0.00206976
17 9 -0.0024866
17 10 -0.00296188
17 11 -0.00350377
17 12 -0.00412093
17 13 -0.00482243
17 14 -0.00561777
17 15 -0.00651676
17 16 -0.00752952
17 17 -0.0086663
17 18 -0.00993738
17 19 -0.0113529
17 20 -0.0129228
17 21 -0.0146562
17 22 -0.0165617
17 23 -0.0186469
17 24 -0.0209177
17 25 -0.0233787
17 26 -0.0260322
17 27 -0.0288785
17 28 -0.031915
17 29 -0.035136
17 30 -0.0385328
17 31 -0.0420928
17 32 -0.0457999
17 33 -0.0496337
17 34 -0.0535701
17 35 -0.0575807
17 36 -0.0616335
17 37 -0.0656927
17 38 -0.0697192
17 39 -0.0736715
17 40 -0.0775057
17 41 -0.0811767
17 42 -0.0846392
17 43 -0.0878484
17 44 -0.0907609
17 45 -0.0933364
17 46 -0.0955381
17 47 -0.097334
17 48 -0.0986977
17 49 -0.0996092
17 50 -0.100056
17 51 -0.100031
17 52 -0.0995374
17 53 -0.0985838
17 54 -0.0971865
17 55 -0.0953683
17 56 -0.0931579
17 57 -0.0905889
17 58 -0.087699
17 59 -0.0845292
17 60 -0.0811223
17 61 -0.077522
17 62 -0.0737722
17 63 -0.069916
17 64 -0.0659948
17 65 -0.0620475
17 66 -0.0581104
17 67 -0.0542165
17 68 -0.0503951
17 69 -0.0466721
17 70 -0.0430693
17 71 -0.0396049
17 72 -0.0362935
17 73 -0.0331462
17 74 -0.0301709
17 75 -0.0273725
17 76 -0.0247534
17 77 -0.0223134
17 78 -0.0200502
17 79 -0.0179601
17 80 -0.0160374
17 81 -0.0142757
17 82 -0.0126671
17 83 -0.0112035
17 84 -0.00987584
17 85 -0.00867493
17 86 -0.0075913
17 87 -0.00661539
17 88 -0.00573768
17 89 -0.00494874
17 90 -0.00423929
17 91 -0.00360025
17 92 -0.00302276
17 93 -0.00249815
17 94 -0.002018
17 95 -0.00157406
17 96 -0.00115822
17 97 -0.000762534
17 98 -0.000379085
17 99 0
18 0 0
18 1 -0.000220603
18 2 -0.000449714
18 3 -0.000693449
18 4 -0.000958149
18 5 -0.00125045
18 6 -0.00157735
18 7 -0.00194626
18 8 -0.00236504
18 9 -0.00284209
18 10 -0.00338631
18 11 -0.00400717
18 12 -0.0047147
18 13 -0.00551944
18 14 -0.00643244
18 15 -0.00746518
18 16 -0.00862948
18 17 -0.00993738
18 18 -0.011401
18 19 -0.0130324
18 20 -0.0148433
18 21 -0.0168447
18 22 -0.0190471
18 23 -0.0214594
18 24 -0.0240894
18 25 -0.0269427
18 26 -0.0300229
18 27 -0.0333305
18 28 -0.0368633
18 29 -0.0406155
18 30 -0.0445772
18 31 -0.0487346
18 32 -0.053069
18 33 -0.0575574
18 34 -0.0621715
18 35 -0.0668784
18 36 -0.0716406
18 37 -0.0764157
18 38 -0.0811577
18 39 -0.0858169
18 40 -0.0903412
18 41 -0.0946765
18 42 -0.0987683
18 43 -0.102563
18 44 -0.106007
18 45 -0.109053
18 46 -0.111655
18 47 -0.113776
18 48 -0.115382
18 49 -0.11645
18 50 -0.116964
18 51 -0.116917
18 52 -0.116312
18 53 -0.11516
18 54 -0.113481
18 55 -0.111304
18 56 -0.108662
18 57 -0.105598
18 58 -0.102158
18 59 -0.0983905
18 60 -0.0943479
18 61 -0.0900829
18 62 -0.0856482
18 63 -0.0810952
18 64 -0.0764731
18 65 -0.0718282
18 66 -0.067203
18 67 -0.0626362
18 68 -0.0581621
18 69 -0.0538102
18 70 -0.0496058
18 71 -0.0455694
18 72 -0.0417174
18 73 -0.0380621
18 74 -0.0346118
18 75 -0.0313715
18 76 -0.0283431
18 77 -0.0255258
18 78 -0.0229164
18 79 -0.0205096
18 80 -0.0182986
18 81 -0.0162751
18 82 -0.0144298
18 83 -0.0127528
18 84 -0.0112332
18 85 -0.00986029
18 86 -0.00862275
18 87 -0.00750939
18 88 -0.00650907
18 89 -0.00561081
18 90 -0.00480383
18 91 -0.00407762
18 92 -0.00342195
18 93 -0.00282686
18 94 -0.00228267
18 95 -0.0017799
18 96 -0.00130932
18 97 -0.000861807
18 98 -0.00042836
18 99 0
19 0 0
19 1 -0.000250928
19 2 -0.000511511
19 3 -0.000788744
19 4 -0.00108988
19 5 -0.00142252
19 6 -0.00179467
19 7 -0.00221483
19 8 -0.00269204
19 9 -0.00323592
19 10 -0.00385675
19 11 -0.00456544
19 12 -0.00537357
19 13 -0.00629335
19 14 -0.00733761
19 15 -0.00851971
19 16 -0.00985344
19 17 -0.0113529
19 18 -0.0130324
19 19 -0.0149061
19 20 -0.0169879
19 21 -0.0192911
19 22 -0.0218281
19 23 -0.0246101
19 24 -0.0276465
19 25 -0.0309446
19 26 -0.0345091
19 27 -0.0383417
19 28 -0.0424405
19 29 -0.0467995
19 30 -0.0514081
19 31 -0.0562507
19 32 -0.0613066
19 33 -0.0665491
19 34 -0.0719459
19 35 -0.0774588
19 36 -0.0830437
19 37 -0.088651
19 38 -0.0942263
19 39 -0.0997106
19 40 -0.105042
19 41 -0.110155
19 42 -0.114985
19 43 -0.119466
19 44 -0.123536
19 45 -0.127136
19 46 -0.13021
19 47 -0.132712
19 48 -0.134603
19 49 -0.135854
19 50 -0.136445
19 51 -0.136369
19 52 -0.13563
19 53 -0.13424
19 54 -0.132225
19 55 -0.12962
19 56 -0.126467
19 57 -0.122817
19 58 -0.118726
19 59 -0.114254
19 60 -0.109464
19 61 -0.10442
19 62 -0.0991835
19 63 -0.0938171
19 64 -0.0883789
19 65 -0.0829237
19 66 -0.0775014
19 67 -0.0721572
19 68 -0.0669306
19 69 -0.0618559
19 70 -0.0569616
19 71 -0.052271
19 72 -0.0478022
19 73 -0.0435685
19 74 -0.0395787
19 75 -0.0358376
19 76 -0.0323465
19 77 -0.0291036
19 78 -0.0261042
19 79 -0.0233416
19 80 -0.0208071
19 81 -0.0184905
19 82 -0.0163807
19 83 -0.0144655
19 84 -0.0127323
19 85 -0.011168
19 86 -0.00975959
19 87 -0.00849383
19 88 -0.00735776
19 89 -0.00633863
19 90 -0.00542396
19 91 -0.00460163
19 92 -0.00385987
19 93 -0.00318725
19 94 -0.00257269
19 95 -0.00200537
19 96 -0.00147475
19 97 -0.00097047
19 98 -0.000482284
19 99 0
20 0 0
20 1 -0.000284317
20 2 -0.000579551
20 3 -0.000893673
20 4 -0.00123495
20 5 -0.00161205
20 6 -0.00203411
20 7 -0.00251083
20 8 -0.00305256
20 9 -0.00367033
20 10 -0.00437591
20 11 -0.00518186
20 12 -0.0061015
20 13 -0.00714894
20 14 -0.00833902
20 15 -0.00968724
20 16 -0.0112097
20 17 -0.0129228
20 18 -0.0148433
20 19 -0.0169879
20 20 -0.0193731
20 21 -0.0220148
20 22 -0.0249279
20 23 -0.0281259
20 24 -0.0316206
20 25 -0.0354212
20 26 -0.0395341
20 27 -0.0439623
20 28 -0.0487045
20 29 -0.0537549
20 30 -0.0591021
20 31 -0.0647292
20 32 -0.0706127
20 33 -0.0767226
20 34 -0.0830218
20 35 -0.089466
20 36 -0.0960039
20 37 -0.102577
20 38 -0.109122
20 39 -0.115569
20 40 -0.121843
20 41 -0.127867
20 42 -0.133563
20 43 -0.138852
20 44 -0.143658
20 45 -0.147908
20 46 -0.151538
20 47 -0.154489
20 48 -0.156715
20 49 -0.15818
20 50 -0.15886
20 51 -0.158747
20 52 -0.157844
20 53 -0.15617
20 54 -0.153754
20 55 -0.15064
20 56 -0.146881
20 57 -0.142537
20 58 -0.137678
20 59 -0.132376
20 60 -0.126708
20 61 -0.120749
20 62 -0.114575
20 63 -0.10826
20 64 -0.101873
20 65 -0.0954781
20 66 -0.089134
20 67 -0.082893
20 68 -0.0768011
20 69 -0.0708971
20 70 -0.0652136
20 71 -0.0597766
20 72 -0.0546058
20 73 -0.0497155
20 74 -0.0451147
20 75 -0.0408079
20 76 -0.0367953
20 77 -0.0330736
20 78 -0.0296366
20 79 -0.0264755
20 80 -0.0235794
20 81 -0.020936
20 82 -0.0185316
20 83 -0.0163518
20 84 -0.0143814
20 85 -0.0126051
20 86 -0.0110077
20 87 -0.00957357
20 88 -0.00828779
20 89 -0.00713554
20 90 -0.00610244
20 91 -0.00517454
20 92 -0.00433835
20 93 -0.00358079
20 94 -0.00288921
20 95 -0.00225133
20 96 -0.00165516
20 97 -0.00108893
20 98 -0.000541057
20 99 0
21 0 0
21 1 -0.00032091
21 2 -0.000654121
21 3 -0.00100868
21 4 -0.00139398
21 5 -0.00181985
21 6 -0.0022967
21 7 -0.00283557
21 8 -0.00344825
21 9 -0.00414732
21 10 -0.00494626
21 11 -0.00585944
21 12 -0.00690216
21 13 -0.00809065
21 14 -0.00944203
21 15 -0.0109742
21 16 -0.0127059
21 17 -0.0146562
21 18 -0.0168447
21 19 -0.0192911
21 20 -0.0220148
21 21 -0.0250347
21 22 -0.0283688
21 23 -0.0320334
21 24 -0.0360431
21 25 -0.0404095
21 26 -0.0451412
21 27 -0.0502429
21 28 -0.0557145
21 29 -0.0615503
21 30 -0.0677389
21 31 -0.0742617
21 32 -0.0810927
21 33 -0.0881982
21 34 -0.0955357
21 35 -0.103054
21 36 -0.110695
21 37 -0.118389
21 38 -0.126062
21 39 -0.13363
21 40 -0.141006
21 41 -0.148096
21 42 -0.154808
21 43 -0.161046
21 44 -0.166718
21 45 -0.171736
21 46 -0.17602
21 47 -0.179502
21 48 -0.182122
21 49 -0.183837
21 50 -0.18462
21 51 -0.184459
21 52 -0.183359
21 53 -0.181343
21 54 -0.178449
21 55 -0.17473
21 56 -0.17025
21 57 -0.165085
21 58 -0.159318
21 59 -0.153039
21 60 -0.146338
21 61 -0.139307
21 62 -0.132039
21 63 -0.124619
21 64 -0.117129
21 65 -0.109646
21 66 -0.102237
21 67 -0.0949637
21 68 -0.0878783
21 69 -0.0810254
21 70 -0.0744412
21 71 -0.0681546
21 72 -0.0621871
21 73 -0.0565536
21 74 -0.0512631
21 75 -0.0463191
21 76 -0.0417206
21 77 -0.0374623
21 78 -0.0335359
21 79 -0.0299301
21 80 -0.0266314
21 81 -0.0236247
21 82 -0.0208935
21 83 -0.0184206
21 84 -0.0161881
21 85 -0.014178
21 86 -0.0123722
21 87 -0.010753
21 88 -0.00930274
21 89 -0.00800449
21 90 -0.00684168
21 91 -0.0057983
21 92 -0.00485895
21 93 -0.00400872
21 94 -0.00323323
21 95 -0.00251853
21 96 -0.00185106
21 97 -0.00121754
21 98 -0.000604849
21 99 0
22 0 0
22 1 -0.000360826
22 2 -0.000735461
22 3 -0.00113414
22 4 -0.00156748
22 5 -0.00204662
22 6 -0.00258334
22 7 -0.00319017
22 8 -0.0038805
22 9 -0.00466864
22 10 -0.00556993
22 11 -0.0066008
22 12 -0.00777875
22 13 -0.00912239
22 14 -0.0106514
22 15 -0.0123865
22 16 -0.0143491
22 17 -0.0165617
22 18 -0.0190471
22 19 -0.0218281
22 20 -0.0249279
22 21 -0.0283688
22 22 -0.0321723
22 23 -0.0363582
22 24 -0.0409444
22 25 -0.0459457
22 26 -0.0513734
22 27 -0.0572343
22 28 -0.06353
22 29 -0.0702558
22 30 -0.0774
22 31 -0.0849429
22 32 -0.0928562
22 33 -0.101102
22 34 -0.109632
22 35 -0.118389
22 36 -0.127303
22 37 -0.136296
22 38 -0.145278
22 39 -0.154153
22 40 -0.162816
22 41 -0.171156
22 42 -0.17906
22 43 -0.186414
22 44 -0.193106
22 45 -0.19903
22 46 -0.204088
22 47 -0.208194
22 48 -0.211279
22 49 -0.213289
22 50 -0.21419
22 51 -0.213968
22 52 -0.212631
22 53 -0.210206
22 54 -0.20674
22 55 -0.2023
22 56 -0.196964
22 57 -0.190826
22 58 -0.183986
22 59 -0.176554
22 60 -0.168641
22 61 -0.160356
22 62 -0.151808
22 63 -0.143101
22 64 -0.134333
22 65 -0.12559
22 66 -0.116954
22 67 -0.108495
22 68 -0.100271
22 69 -0.0923346
22 70 -0.084725
22 71 -0.0774742
22 72 -0.070605
22 73 -0.0641328
22 74 -0.058066
22 75 -0.0524069
22 76 -0.0471523
22 77 -0.0422948
22 78 -0.0378231
22 79 -0.0337229
22 80 -0.0299776
22 81 -0.0265686
22 82 -0.0234764
22 83 -0.0206802
22 84 -0.0181592
22 85 -0.015892
22 86 -0.0138577
22 87 -0.0120357
22 88 -0.0104056
22 89 -0.00894792
22 90 -0.00764364
22 91 -0.0064745
22 92 -0.00542294
22 93 -0.00447204
22 94 -0.0036055
22 95 -0.00280755
22 96 -0.00206289
22 97 -0.00135655
22 98 -0.000673788
22 99 0
23 0 0
23 1 -0.000404155
23 2 -0.000823756
23 3 -0.00127033
23 4 -0.00175586
23 5 -0.00229289
23 6 -0.00289473
23 7 -0.00357552
23 8 -0.00435043
23 9 -0.00523567
23 10 -0.00624867
23 11 -0.0074081
23 12 -0.00873394
23 13 -0.0102474
23 14 -0.0119712
23 15 -0.0139289
23 16 -0.0161455
23 17 -0.0186469
23 18 -0.0214594
23 19 -0.0246101
23 20 -0.0281259
23 21 -0.0320334
23 22 -0.0363582
23 23 -0.0411243
23 24 -0.0463536
23 25 -0.0520646
23 26 -0.0582721
23 27 -0.064986
23 28 -0.07221
23 29 -0.079941
23 30 -0.0881678
23 31 -0.0968697
23 32 -0.106016
23 33 -0.115565
23 34 -0.125463
23 35 -0.135643
23 36 -0.146027
23 37 -0.156523
23 38 -0.167027
23 39 -0.177424
23 40 -0.18759
23 41 -0.197394
23 42 -0.206698
23 43 -0.215366
23 44 -0.223261
23 45 -0.230255
23 46 -0.236228
23 47 -0.241075
23 48 -0.24471
23 49 -0.247066
23 50 -0.248104
23 51 -0.247805
23 52 -0.24618
23 53 -0.243264
23 54 -0.239115
23 55 -0.233815
23 56 -0.227461
23 57 -0.220168
23 58 -0.212061
23 59 -0.203271
23 60 -0.193931
23 61 -0.184177
23 62 -0.174136
23 63 -0.163933
23 64 -0.153682
23 65 -0.143485
23 66 -0.133437
23 67 -0.123616
23 68 -0.114092
23 69 -0.10492
23 70 -0.0961465
23 71 -0.0878041
23 72 -0.0799175
23 73 -0.0725018
23 74 -0.0655642
23 75 -0.059105
23 76 -0.0531185
23 77 -0.0475942
23 78 -0.0425171
23 79 -0.0378695
23 80 -0.0336306
23 81 -0.0297782
23 82 -0.0262887
23 83 -0.0231376
23 84 -0.0203002
23 85 -0.0177518
23 86 -0.0154679
23 87 -0.0134246
23 88 -0.0115987
23 89 -0.00996765
23 90 -0.00850977
23 91 -0.00720427
23 92 -0.00603121
23 93 -0.00497144
23 94 -0.00400654
23 95 -0.00311877
23 96 -0.0022909
23 97 -0.00150614
23 98 -0.000747958
23 99 0
24 0 0
24 1 -0.000450955
24 2 -0.000919125
24 3 -0.00141745
24 4 -0.00195938
24 5 -0.00255902
24 6 -0.00323132
24 7 -0.00399222
24 8 -0.0048588
24 9 -0.0058494
24 10 -0.00698371
24 11 -0.00828292
24 12 -0.0097697
24 13 -0.0114683
24 14 -0.0134045
24 15 -0.0156055
24 16 -0.0181
24 17 -0.0209177
24 18 -0.0240894
24 19 -0.0276465
24 20 -0.0316206
24 21 -0.0360431
24 22 -0.0409444
24 23 -0.0463536
24 24 -0.0522972
24 25 -0.0587986
24 26 -0.0658769
24 27 -0.0735457
24 28 -0.0818119
24 29 -0.0906748
24 30 -0.100124
24 31 -0.110139
24 32 -0.120687
24 33 -0.131723
