0 0 0
0 1 0
0 2 0
0 3 0
0 4 0
0 5 0
0 6 0
0 7 0
0 8 0
0 9 0
0 10 0
0 11 0
0 12 0
0 13 0
0 14 0
0 15 0
0 16 0
0 17 0
0 18 0
0 19 0
1 0 0
1 1 -0.0699723
1 2 -0.142371
1 3 -0.218672
1 4 -0.299343
1 5 -0.383288
1 6 -0.467317
1 7 -0.54586
1 8 -0.611255
1 9 -0.655018
1 10 -0.670136
1 11 -0.65368
1 12 -0.608064
1 13 -0.539791
1 14 -0.456846
1 15 -0.366408
1 16 -0.273609
1 17 -0.181266
1 18 -0.0902315
1 19 0
2 0 0
2 1 -0.142371
2 2 -0.290151
2 3 -0.446897
2 4 -0.614161
2 5 -0.790264
2 6 -0.968985
2 7 -1.13858
2 8 -1.28198
2 9 -1.37925
2 10 -1.4132
2 11 -1.37644
2 12 -1.27533
2 13 -1.12606
2 14 -0.947538
2 15 -0.75587
2 16 -0.561881
2 17 -0.370988
2 18 -0.184284
2 19 0
3 0 0
3 1 -0.218672
3 2 -0.446897
3 3 -0.691613
3 4 -0.956878
3 5 -1.2418
3 6 -1.5379
3 7 -1.82647
3 8 -2.07735
3 9 -2.25202
3 10 -2.31429
3 11 -2.2476
3 12 -2.06698
3 13 -1.80711
3 14 -1.50497
3 15 -1.18923
3 16 -0.877139
3 17 -0.57581
3 18 -0.285013
3 19 0
4 0 0
4 1 -0.299343
4 2 -0.614161
4 3 -0.956878
4 4 -1.33664
4 5 -1.75629
4 6 -2.20772
4 7 -2.66562
4 8 -3.08151
4 9 -3.38397
4 10 -3.49607
4 11 -3.37783
4 12 -3.06721
4 13 -2.63914
4 14 -2.16297
4 15 -1.6851
4 16 -1.22877
4 17 -0.800006
4 18 -0.394007
4 19 0
5 0 0
5 1 -0.383288
5 2 -0.790264
5 3 -1.2418
5 4 -1.75629
5 5 -2.34612
5 6 -3.01056
5 7 -3.72311
5 8 -4.41348
5 9 -4.95213
5 10 -5.16682
5 11 -4.94421
5 12 -4.39517
5 13 -3.68943
5 14 -2.95396
5 15 -2.25636
5 16 -1.62032
5 17 -1.0436
5 18 -0.510686
5 19 0
6 0 0
6 1 -0.467317
6 2 -0.968985
6 3 -1.5379
6 4 -2.20772
6 5 -3.01056
6 6 -3.96893
6 7 -5.07558
6 8 -6.25118
6 9 -7.27612
6 10 -7.74503
6 11 -7.26646
6 12 -6.22896
6 13 -5.03496
6 14 -3.90098
6 15 -2.90306
6 16 -2.04487
6 17 -1.29984
6 18 -0.631239
6 19 0
7 0 0
7 1 -0.54586
7 2 -1.13858
7 3 -1.82647
7 4 -2.66562
7 5 -3.72311
7 6 -5.07558
7 7 -6.79104
7 8 -8.85956
7 9 -10.9973
7 10 -12.2547
7 11 -10.986
7 12 -8.83377
7 13 -6.74413
7 14 -4.99744
7 15 -3.59976
7 16 -2.47872
7 17 -1.5525
7 18 -0.747678
7 19 0
8 0 0
8 1 -0.611255
8 2 -1.28198
8 3 -2.07735
8 4 -3.08151
8 5 -4.41348
8 6 -6.25118
8 7 -8.85956
8 8 -12.5758
8 9 -17.4968
8 10 -21.8552
8 11 -17.4842
8 12 -12.547
8 13 -8.80747
8 14 -6.16475
8 15 -4.27735
8 16 -2.87527
8 17 -1.7744
8 18 -0.847684
8 19 0
9 0 0
9 1 -0.655018
9 2 -1.37925
9 3 -2.25202
9 4 -3.38397
9 5 -4.95213
9 6 -7.27612
9 7 -10.9973
9 8 -17.4968
9 9 -29.5705
9 10 -48.9551
9 11 -29.5569
9 12 -17.4659
9 13 -10.9416
9 14 -7.18398
9 15 -4.80739
9 16 -3.16489
9 17 -1.92997
9 18 -0.916288
9 19 0
10 0 0
10 1 -0.670136
10 2 -1.4132
10 3 -2.31429
10 4 -3.49607
10 5 -5.16682
10 6 -7.74503
10 7 -12.2547
10 8 -21.8552
10 9 -48.9551
10 10 -153.661
10 11 -48.9409
10 12 -21.8231
10 13 -12.1971
10 14 -7.65031
10 15 -5.01849
10 16 -3.27204
10 17 -1.98527
10 18 -0.940179
10 19 0
11 0 0
11 1 -0.65368
11 2 -1.37644
11 3 -2.2476
11 4 -3.37783
11 5 -4.94421
11 6 -7.26646
11 7 -10.986
11 8 -17.4842
11 9 -29.5569
11 10 -48.9409
11 11 -29.5426
11 12 -17.4521
11 13 -10.9287
11 14 -7.17255
11 15 -4.79774
11 16 -3.15734
11 17 -1.92475
11 18 -0.91361
11 19 0
12 0 0
12 1 -0.608064
12 2 -1.27533
12 3 -2.06698
12 4 -3.06721
12 5 -4.39517
12 6 -6.22896
12 7 -8.83377
12 8 -12.547
12 9 -17.4659
12 10 -21.8231
12 11 -17.4521
12 12 -12.516
12 13 -8.77875
12 14 -6.13925
12 15 -4.2559
12 16 -2.85853
12 17 -1.76288
12 18 -0.841781
12 19 0
13 0 0
13 1 -0.539791
13 2 -1.12606
13 3 -1.80711
13 4 -2.63914
13 5 -3.68943
13 6 -5.03496
13 7 -6.74413
13 8 -8.80747
13 9 -10.9416
13 10 -12.1971
13 11 -10.9287
13 12 -8.77875
13 13 -6.69335
13 14 -4.95257
13 15 -3.56218
13 16 -2.44952
13 17 -1.53249
13 18 -0.737454
13 19 0
14 0 0
14 1 -0.456846
14 2 -0.947538
14 3 -1.50497
14 4 -2.16297
14 5 -2.95396
14 6 -3.90098
14 7 -4.99744
14 8 -6.16475
14 9 -7.18398
14 10 -7.65031
14 11 -7.17255
14 12 -6.13925
14 13 -4.95257
14 14 -3.82856
14 15 -2.84272
14 16 -1.9982
14 17 -1.268
14 18 -0.615039
14 19 0
15 0 0
15 1 -0.366408
15 2 -0.75587
15 3 -1.18923
15 4 -1.6851
15 5 -2.25636
15 6 -2.90306
15 7 -3.59976
15 8 -4.27735
15 9 -4.80739
15 10 -5.01849
15 11 -4.79774
15 12 -4.2559
15 13 -3.56218
15 14 -2.84272
15 15 -2.1642
15 16 -1.54942
15 17 -0.99545
15 18 -0.486284
15 19 0
16 0 0
16 1 -0.273609
16 2 -0.561881
16 3 -0.877139
16 4 -1.22877
16 5 -1.62032
16 6 -2.04487
16 7 -2.47872
16 8 -2.87527
16 9 -3.16489
16 10 -3.27204
16 11 -3.15734
16 12 -2.85853
16 13 -2.44952
16 14 -1.9982
16 15 -1.54942
16 16 -1.12498
16 17 -0.729879
16 18 -0.358606
16 19 0
17 0 0
17 1 -0.181266
17 2 -0.370988
17 3 -0.57581
17 4 -0.800006
17 5 -1.0436
17 6 -1.29984
17 7 -1.5525
17 8 -1.7744
17 9 -1.92997
17 10 -1.98527
17 11 -1.92475
17 12 -1.76288
17 13 -1.53249
17 14 -1.268
17 15 -0.99545
17 16 -0.729879
17 17 -0.476855
17 18 -0.235266
17 19 0
18 0 0
18 1 -0.0902315
18 2 -0.184284
18 3 -0.285013
18 4 -0.394007
18 5 -0.510686
18 6 -0.631239
18 7 -0.747678
18 8 -0.847684
18 9 -0.916288
18 10 -0.940179
18 11 -0.91361
18 12 -0.841781
18 13 -0.737454
18 14 -0.615039
18 15 -0.486284
18 16 -0.358606
18 17 -0.235266
18 18 -0.116364
18 19 0
19 0 0
19 1 0
19 2 0
19 3 0
19 4 0
19 5 0
19 6 0
19 7 0
19 8 0
19 9 0
19 10 0
19 11 0
19 12 0
19 13 0
19 14 0
19 15 0
19 16 0
19 17 0
19 18 0
19 19 0
